,Date,Open,High,Low,Close,Adj Close,Volume,gainORloss
0,2018-04-09,64.91999799999999,66.25,64.08000200000001,65.190002,63.775470999999996,2639800,0.0
1,2018-04-10,66.139999,66.790001,65.900002,66.639999,65.194,1872800,1.9782413412101043
2,2018-04-11,65.980003,66.599998,65.82,66.08000200000001,64.646164,1391400,2.0084745306151777
3,2018-04-12,66.559998,67.639999,66.449997,67.199997,65.74185200000001,2180900,1.9833334069940511
4,2018-04-13,67.5,67.66999799999999,66.879997,67.209999,65.751648,2043900,1.999851182857479
5,2018-04-16,67.83000200000001,68.370003,67.489998,68.16999799999999,66.690811,2887800,1.985917573299621
6,2018-04-17,68.599998,68.849998,68.07,68.440002,66.954948,2682600,1.9960548803023122
7,2018-04-18,69.120003,70.290001,68.650002,69.550003,68.040863,2678300,1.9840402451168835
8,2018-04-19,69.480003,69.589996,67.360001,67.970001,66.495163,2435100,2.023245578589884
9,2018-04-20,68.040001,68.260002,67.32,67.550003,66.084274,1917200,2.00621758669648
10,2018-04-23,67.709999,68.66999799999999,67.529999,68.07,66.592972,2260600,1.9923608491259
11,2018-04-24,66.389999,67.910004,66.040001,66.639999,65.194,3701600,2.021458598761383
12,2018-04-25,66.690002,67.08000200000001,64.910004,65.800003,64.372231,4451600,2.012765896074503
13,2018-04-26,66.220001,66.760002,65.900002,66.370003,64.929878,1978600,1.9914117828200188
14,2018-04-27,66.339996,66.559998,65.959999,66.279999,64.841827,1189200,2.0013579360494558
15,2018-04-30,66.489998,66.660004,65.730003,65.739998,64.313538,2277700,2.0082141925224883
16,2018-05-01,65.629997,66.349998,65.489998,66.239998,64.802681,3135100,1.9924516905933483
17,2018-05-02,66.0,66.860001,65.769997,65.910004,64.479851,2240500,2.0050067361549546
18,2018-05-03,65.769997,66.459999,64.860001,66.339996,64.90050500000001,2365900,1.9935183595730093
19,2018-05-04,66.029999,67.25,65.540001,67.0,65.546196,1330800,1.9901491940298506
20,2018-05-07,67.160004,67.980003,67.07,67.389999,65.92775,1468700,1.9942128059684343
21,2018-05-08,67.08000200000001,67.440002,66.839996,67.370003,65.90815699999999,1916100,2.00029680865533
22,2018-05-09,67.379997,68.410004,67.150002,68.129997,66.65166500000001,2108500,1.9888449429991901
23,2018-05-10,68.120003,68.879997,68.120003,68.860001,67.365829,1844900,1.9893987221986829
24,2018-05-11,69.190002,69.599998,68.910004,69.449997,67.943039,1524200,1.9915047368540566
25,2018-05-14,69.730003,70.449997,69.0,69.209999,67.708252,3322600,2.0034676781313054
26,2018-05-15,61.84,64.099998,60.700001,62.5,61.143837,14451200,2.107359984
27,2018-05-16,62.509997999999996,62.990002000000004,61.650002,61.939999,60.595989,5872500,2.0090410237171623
28,2018-05-17,61.98,63.91,61.759997999999996,63.59,62.210190000000004,5211300,1.974052508256015
29,2018-05-18,63.630001,64.599998,63.509997999999996,64.32,62.924347,4163500,1.988650497512438
30,2018-05-21,64.75,65.989998,64.68,65.550003,64.127655,4527300,1.9812356530326931
31,2018-05-22,65.620003,65.889999,64.690002,64.839996,63.43305600000001,3415500,2.0109501394787253
32,2018-05-23,64.209999,65.0,64.209999,64.529999,63.129791000000004,3222400,2.004803920731504
33,2018-05-24,64.620003,65.0,64.07,64.120003,62.728691000000005,1525800,2.006394198078874
34,2018-05-25,63.939999,64.110001,62.84,63.150002,61.779743,1742000,2.0153602687138474
35,2018-05-29,62.630001,62.669998,61.299999,61.849998,60.50794200000001,3559200,2.0210186587233196
36,2018-05-30,62.240002000000004,63.060001,62.0,62.689999,61.329716000000005,1731500,1.986600717604095
37,2018-05-31,62.650002,62.830002,61.849998,61.919998,60.57642,2510400,2.0124354170683274
38,2018-06-01,62.470001,63.23,62.439999,62.779999,61.417763,2277900,1.9863013537161733
39,2018-06-04,63.169998,63.509997999999996,62.759997999999996,63.380001,62.004749,1958000,1.9905332598527412
40,2018-06-05,63.459998999999996,63.869999,63.09,63.52,62.141701,1889500,1.9977959855163727
41,2018-06-06,63.75,65.190002,63.060001,65.190002,63.775470999999996,3177600,1.9743825441207992
42,2018-06-07,65.410004,66.089996,64.800003,65.230003,63.814606000000005,2977200,1.9993867699193577
43,2018-06-08,65.349998,66.370003,65.150002,65.730003,64.30375699999999,3853800,1.9923931237307262
44,2018-06-11,65.68,66.75,65.589996,66.129997,64.695076,3316700,1.9939513984856223
45,2018-06-12,65.970001,66.550003,65.629997,66.32,64.880951,2007000,1.9971350572979494
46,2018-06-13,66.599998,66.68,65.970001,66.260002,64.82225,4357700,2.000905493483082
47,2018-06-14,66.449997,66.449997,65.709999,66.309998,64.871162,3487900,1.9992460262176452
48,2018-06-15,66.110001,66.239998,65.190002,66.129997,64.695076,4113200,2.002721926631873
49,2018-06-18,65.480003,65.540001,64.529999,64.970001,63.560238,2563100,2.0178543324941614
50,2018-06-19,64.220001,64.449997,63.200001,63.52,62.141701,4621400,2.0228274716624686
51,2018-06-20,63.540001000000004,63.57,62.630001,62.790001000000004,61.427547,4942100,2.0116260389930556
52,2018-06-21,62.810001,63.220001,62.27,63.040001000000004,61.672118999999995,4319400,1.9960342640222992
53,2018-06-22,63.580002,63.689999,62.73,62.790001000000004,61.427547,2893800,2.003981525657246
54,2018-06-25,62.459998999999996,62.689999,60.799999,61.200001,59.872055,2426800,2.0259803917323467
55,2018-06-26,61.23,62.32,61.02,61.98,60.635117,3655600,1.9874153113907713
56,2018-06-27,62.259997999999996,63.0,61.099998,61.139998999999996,59.813347,2025800,2.013738976345093
57,2018-06-28,61.130001,61.639998999999996,60.419998,61.290001000000004,59.960097999999995,1564100,1.997552586106174
58,2018-06-29,61.68,62.470001,61.57,61.84,60.498160999999996,1913800,1.991106096377749
59,2018-07-02,61.360001000000004,61.48,60.790001000000004,61.470001,60.28143299999999,1526500,2.006019179989927
60,2018-07-03,61.93,62.09,61.060001,61.25,60.065689,864400,2.0035918530612244
61,2018-07-05,61.48,61.889998999999996,60.91,61.799999,60.605053000000005,2247500,1.9911003396618179
62,2018-07-06,61.919998,62.400002,61.650002,62.290001000000004,61.08558299999999,2269700,1.9921335368095434
63,2018-07-09,62.43,63.32,62.43,63.119999,61.899536,1508600,1.9868504750768452
64,2018-07-10,63.369999,63.740002000000004,63.07,63.669998,62.438896,1924400,1.9913617242456958
65,2018-07-11,62.59,63.279999,62.59,62.860001000000004,61.644557999999996,1780500,2.012885729989091
66,2018-07-12,63.330002,63.779999,63.290001000000004,63.450001,62.223147999999995,1748100,1.9907013397840607
67,2018-07-13,63.52,63.830002,63.209998999999996,63.380001,62.154506999999995,963700,2.0011044493356827
68,2018-07-16,63.23,63.23,62.630001,62.720001,61.507270999999996,929300,2.010522959015897
69,2018-07-17,62.52,63.259997999999996,62.150002,63.040001000000004,61.821071999999994,1469800,1.9949238579485429
70,2018-07-18,63.029999,63.23,62.75,62.990002000000004,61.772045,1202300,2.000793760889228
71,2018-07-19,63.610001000000004,64.650002,63.400002,64.150002,62.909615,1726700,1.9819173817017184
72,2018-07-20,63.830002,64.33000200000001,63.68,63.849998,62.615417,1619900,2.004698574931827
73,2018-07-23,63.700001,64.0,63.369999,63.720001,62.487933999999996,1417500,2.0020401286559926
74,2018-07-24,63.939999,65.349998,63.689999,64.790001,63.537243000000004,2454400,1.9834851059810912
75,2018-07-25,65.139999,66.040001,64.839996,65.959999,64.684616,2925800,1.9822620070082173
76,2018-07-26,66.0,66.83000200000001,65.82,66.75,65.459351,2583500,1.988164779026217
77,2018-07-27,66.650002,66.769997,65.360001,65.75,64.478668,2638900,2.0152091254752853
78,2018-07-30,65.870003,66.07,64.510002,64.629997,63.380329,1601200,2.0173294608074945
79,2018-07-31,64.93,66.690002,64.540001,66.040001,64.763077,2539200,1.9786492432064018
80,2018-08-01,65.839996,66.16999799999999,64.629997,64.980003,63.723564,2679200,2.016312680071745
81,2018-08-02,64.75,65.389999,64.5,65.290001,64.02758,2263200,1.9952519835311382
82,2018-08-03,65.5,65.790001,64.959999,65.730003,64.459076,1857300,1.993305918455534
83,2018-08-06,65.699997,66.660004,65.33000200000001,66.510002,65.223984,2873100,1.9882724556225393
84,2018-08-07,66.83000200000001,67.940002,66.629997,67.660004,66.351753,2829000,1.983003222997149
85,2018-08-08,67.739998,68.150002,67.339996,67.379997,66.077164,1681900,2.0041556398407083
86,2018-08-09,67.480003,67.620003,66.610001,66.690002,65.400513,1727800,2.0103463034833915
87,2018-08-10,66.82,66.870003,65.93,66.260002,64.978806,2165900,2.0064895862816305
88,2018-08-13,66.440002,66.989998,65.66999799999999,65.940002,64.665009,2983100,2.0048528964254504
89,2018-08-14,66.050003,67.260002,66.050003,66.75,65.459351,3110100,1.9878651985018725
90,2018-08-15,65.940002,66.389999,64.220001,64.730003,63.478396999999994,6071500,2.0312065024931334
91,2018-08-16,65.040001,65.66999799999999,64.809998,65.5,64.23350500000001,3149500,1.9882443206106872
92,2018-08-17,65.480003,65.480003,64.279999,64.660004,63.40975600000001,2449200,2.012990967337398
93,2018-08-20,64.57,65.110001,64.459999,64.470001,63.223438,1619900,2.0029471536691923
94,2018-08-21,64.739998,65.400002,64.620003,64.93,63.674526,2982800,1.9929154628060988
95,2018-08-22,64.739998,65.870003,64.550003,65.650002,64.380608,2565600,1.989032719298318
96,2018-08-23,65.690002,65.989998,65.529999,65.690002,64.41984599999999,2287700,1.999391079330459
97,2018-08-24,65.739998,66.260002,65.589996,65.980003,64.704239,1904200,1.9956047137494068
98,2018-08-27,66.33000200000001,66.349998,65.860001,66.08000200000001,64.802299,1158800,1.9984866979876903
99,2018-08-28,66.410004,67.300003,66.349998,66.690002,65.400513,2284300,1.9908532016538254
100,2018-08-29,66.690002,67.279999,66.400002,67.010002,65.714325,1852100,1.9952245934868051
101,2018-08-30,67.0,67.650002,66.860001,67.260002,65.95948,2246300,1.996283080693337
102,2018-08-31,67.139999,67.550003,67.050003,67.540001,66.23406999999999,1582400,1.9958543234253134
103,2018-09-04,67.339996,67.559998,66.849998,67.269997,65.96927600000001,1728000,2.0040137358709855
104,2018-09-05,67.279999,67.400002,66.760002,66.959999,65.66526800000001,1859600,2.0046295998301913
105,2018-09-06,67.0,67.550003,66.83000200000001,67.360001,66.057549,1031500,1.9940617281166608
106,2018-09-07,67.150002,67.83000200000001,67.029999,67.400002,66.096779,1585500,1.9994065133707264
107,2018-09-10,67.82,68.410004,67.720001,67.93,66.616547,2065700,1.9921978801707638
108,2018-09-11,67.699997,68.059998,67.489998,67.620003,66.312523,1676700,2.0045843979036797
109,2018-09-12,67.599998,68.010002,67.25,67.910004,66.59691600000001,1125400,1.9957296276996246
110,2018-09-13,68.099998,69.660004,67.989998,69.33000200000001,67.989456,2495000,1.9795182755079104
111,2018-09-14,69.279999,69.410004,68.559998,68.849998,67.518738,1461100,2.0069717358597456
112,2018-09-17,69.639999,69.660004,69.0,69.08000200000001,67.744286,1816600,1.9966704691178208
113,2018-09-18,69.099998,69.269997,68.410004,68.93,67.59719100000001,1780400,2.0021761497171044
114,2018-09-19,69.040001,69.639999,68.879997,69.559998,68.215012,1183400,1.9909430992220563
115,2018-09-20,69.730003,71.160004,69.699997,71.129997,69.754654,2865600,1.9779277510724484
116,2018-09-21,71.43,71.459999,70.559998,70.720001,69.352577,3119700,2.0057974546691537
117,2018-09-24,70.68,70.68,69.699997,69.949997,68.59745,2333600,2.0110079204149214
118,2018-09-25,70.16999799999999,70.83000200000001,69.910004,70.379997,69.01915699999999,2090200,1.9938903094866571
119,2018-09-26,70.57,70.989998,70.050003,70.33000200000001,68.970116,1830300,2.000710863053864
120,2018-09-27,70.58000200000001,70.849998,70.099998,70.800003,69.43103,1581700,1.9933615680778998
121,2018-09-28,70.690002,71.0,70.459999,70.540001,69.176064,2248100,2.0036858802993214
122,2018-10-01,70.68,71.58000200000001,70.650002,71.260002,70.030052,2837500,1.9898961411760836
123,2018-10-02,71.239998,71.730003,70.980003,71.68,70.44281,2617500,1.9941406529017853
124,2018-10-03,71.68,72.370003,71.599998,72.120003,70.875221,3203100,1.9938990157834575
125,2018-10-04,71.91999799999999,72.129997,70.480003,70.660004,69.440422,2961800,2.0206623113126345
126,2018-10-05,70.66999799999999,71.18,69.449997,70.300003,69.086632,2376800,2.0051209243902877
127,2018-10-08,69.959999,70.050003,68.970001,69.5,68.300446,2179400,2.0115108345323742
128,2018-10-09,69.339996,69.629997,68.709999,69.410004,68.21199,2179200,2.001296585431691
129,2018-10-10,69.410004,69.410004,66.610001,66.66999799999999,65.519279,3055700,2.0410980363311246
130,2018-10-11,66.639999,66.970001,64.620003,64.889999,63.77,3624200,2.027431022151811
131,2018-10-12,66.099998,67.029999,65.300003,66.239998,65.096703,3669500,1.9796195796986589
132,2018-10-15,65.91999799999999,66.349998,65.360001,65.629997,64.497231,1602800,2.0092945456023714
133,2018-10-16,66.25,67.57,65.989998,67.459999,66.295647,1868300,1.972872783469801
134,2018-10-17,67.16999799999999,67.459999,66.309998,67.199997,66.040131,1991200,2.003869077553679
135,2018-10-18,67.120003,67.199997,65.260002,65.75,64.615158,2327300,2.022053186311787
136,2018-10-19,65.809998,66.239998,64.239998,64.470001,63.357262,2418300,2.0198541799309107
137,2018-10-22,64.690002,64.839996,63.540001000000004,64.279999,63.170536,2227900,2.0029558494548203
138,2018-10-23,62.82,63.130001,61.380001,62.73,61.647285,4219800,2.024709054678782
139,2018-10-24,62.919998,63.759997999999996,61.009997999999996,61.130001,60.074905,3481200,2.026173711333654
140,2018-10-25,61.490002000000004,62.889998999999996,61.07,62.610001000000004,61.529357999999995,3318300,1.976361603955253
141,2018-10-26,61.82,63.110001000000004,61.130001,62.73,61.647285,3119900,1.9980870556352623
142,2018-10-29,63.650002,64.16999799999999,61.130001,62.080002,61.008499,2919900,2.01047032827093
143,2018-10-30,62.349998,63.720001,61.68,63.639998999999996,62.541584,3076700,1.9754871617769825
144,2018-10-31,64.349998,65.980003,64.190002,64.790001,63.671733999999994,3820700,1.98225031668081
145,2018-11-01,65.07,65.339996,64.58000200000001,65.220001,64.094307,1882400,1.9934069304905406
146,2018-11-02,65.800003,66.610001,65.440002,65.93,64.79205300000001,2272100,1.9892310177460941
147,2018-11-05,66.029999,66.389999,65.230003,65.910004,64.772408,2348700,2.0003033833831965
148,2018-11-06,66.040001,66.41999799999999,65.66999799999999,65.980003,64.841202,2287300,1.9989390876505417
149,2018-11-07,66.510002,68.379997,66.279999,68.260002,67.081848,2700600,1.9665983162438232
150,2018-11-08,67.989998,68.360001,67.379997,67.790001,66.61996500000001,2444600,2.006933190633822
151,2018-11-09,67.599998,67.760002,66.699997,67.269997,66.108917,2573500,2.0077301029164607
152,2018-11-12,66.160004,66.25,64.449997,64.5,63.386742000000005,3000000,2.0429456899224805
153,2018-11-13,64.589996,65.470001,63.939999,64.339996,63.2295,2216500,2.0024868512581193
154,2018-11-14,64.639999,64.839996,63.279999,63.470001,62.374516,4852600,2.0137071842806495
155,2018-11-15,63.32,64.949997,62.540001000000004,64.720001,63.602943,3846100,1.980686032436866
156,2018-11-16,64.379997,65.599998,64.379997,64.989998,63.868275,2963300,1.9958455607276675
157,2018-11-19,64.66999799999999,64.959999,62.400002,62.610001000000004,61.529357999999995,3392100,2.0380130484265604
158,2018-11-20,66.25,68.43,64.93,67.519997,66.354599,8187200,1.9272808616979056
159,2018-11-21,67.660004,68.66999799999999,67.190002,67.720001,66.551163,3557600,1.9970466037057504
160,2018-11-23,67.040001,68.610001,67.040001,68.209999,67.0327,1374300,1.9928163318108245
161,2018-11-26,68.940002,69.300003,68.389999,69.25,68.054749,2406300,1.9849819350180502
162,2018-11-27,68.870003,69.519997,68.699997,69.360001,68.16285699999999,2533600,1.9984140571162912
163,2018-11-28,69.82,71.489998,69.43,71.480003,70.246269,2661300,1.9703413274898716
164,2018-11-29,71.230003,72.18,71.230003,71.57,70.334709,2625800,1.998742531787062
165,2018-11-30,71.629997,72.650002,71.339996,72.349998,71.101242,2279500,1.9892191012914748
166,2018-12-03,73.33000200000001,74.790001,73.190002,74.66999799999999,73.381203,4265200,1.9689299576518002
167,2018-12-04,74.699997,75.110001,72.629997,72.910004,71.651596,4263800,2.024139266265847
168,2018-12-06,71.199997,71.93,69.900002,71.910004,70.668839,3505900,2.013906270955012
169,2018-12-07,71.709999,72.089996,69.650002,70.25,69.037483,2184500,2.023629950177936
170,2018-12-10,70.43,70.709999,68.57,70.589996,69.371613,2347200,1.9951835101393118
171,2018-12-11,71.760002,72.440002,70.699997,71.050003,69.82369200000001,2926000,1.99352558788773
172,2018-12-12,72.16999799999999,73.040001,71.599998,71.75,70.511604,2842900,1.990243944250871
173,2018-12-13,72.139999,72.68,70.900002,71.139999,69.912132,2200600,2.008574655729191
174,2018-12-14,70.41999799999999,70.610001,69.129997,69.360001,68.16285699999999,1982700,2.0256631772539913
175,2018-12-17,69.110001,69.629997,67.400002,67.849998,66.678925,2241700,2.0222550190789983
176,2018-12-18,68.449997,69.029999,67.389999,67.989998,66.816498,2112000,1.9979408735973192
177,2018-12-19,68.269997,69.089996,65.809998,66.83000200000001,65.676537,2845500,2.0173574138154295
178,2018-12-20,66.33000200000001,66.459999,64.589996,65.190002,64.06482700000001,3547800,2.02515723193259
179,2018-12-21,65.220001,66.230003,63.220001,63.290001000000004,62.197617,4683100,2.030020555695678
180,2018-12-24,62.93,63.630001,62.220001,62.669998,61.58831800000001,1668500,2.009893138978559
181,2018-12-26,62.93,65.58000200000001,62.759997999999996,65.540001,64.408783,1701800,1.9562099030178532
182,2018-12-27,64.5,66.5,64.0,66.480003,65.332565,1655000,1.9858603796994414
183,2018-12-28,66.980003,67.120003,65.709999,65.959999,64.981842,1927700,2.007883626559788
184,2018-12-31,66.339996,67.480003,66.339996,67.459999,66.459595,1572100,1.9777646009155736
185,2019-01-02,66.5,66.57,65.300003,65.690002,64.715851,2113300,2.026944693958146
186,2019-01-03,65.529999,65.779999,62.0,63.27,62.331738,5383900,2.0382488067014384
187,2019-01-04,64.089996,65.949997,64.089996,65.459999,64.48925799999999,3123700,1.966544469394202
188,2019-01-07,65.639999,67.43,65.610001,66.849998,65.85863499999999,3235100,1.9792071945910905
189,2019-01-08,67.589996,68.209999,66.699997,67.83000200000001,66.824112,1578100,1.9855520570381229
190,2019-01-09,68.199997,69.660004,68.0,69.25,68.22305300000001,2442300,1.9794946137184117
191,2019-01-10,69.050003,69.949997,68.599998,69.900002,68.863419,1080900,1.9907009730843785
192,2019-01-11,69.290001,70.410004,68.940002,70.379997,69.33629599999999,1210800,1.9931799514001116
193,2019-01-14,69.720001,70.290001,69.66999799999999,69.75,68.715645,2182700,2.0090322150537636
194,2019-01-15,69.949997,70.75,69.620003,70.599998,69.553024,1793100,1.9879603679308886
195,2019-01-16,70.82,71.129997,69.970001,70.029999,68.991486,1480300,2.008139354678557
196,2019-01-17,69.760002,71.239998,69.760002,70.82,69.769775,1225800,1.9888449449308105
197,2019-01-18,71.290001,72.309998,70.849998,71.93,70.863304,1551700,1.9845683303211454
198,2019-01-22,71.440002,71.480003,70.470001,71.32,70.26236,1972700,2.0085530005608527
199,2019-01-23,71.949997,72.849998,70.739998,71.650002,70.587463,2050300,1.995394249954103
200,2019-01-24,71.459999,72.199997,71.389999,72.18,71.109604,1509600,1.9926572734829593
201,2019-01-25,72.790001,73.730003,72.559998,73.650002,72.557808,2215300,1.980040706584095
202,2019-01-28,72.760002,73.279999,72.410004,73.269997,72.183426,1729600,2.0051863657098283
203,2019-01-29,73.699997,74.059998,73.199997,73.559998,72.469131,1684500,1.9960576263202183
204,2019-01-30,73.739998,75.589996,73.480003,75.440002,74.321259,1679500,1.9750794810424315
205,2019-01-31,75.209999,76.309998,74.66999799999999,76.050003,74.922218,2951300,1.9919789483768986
206,2019-02-01,76.160004,76.589996,75.620003,76.040001,74.912369,1343900,2.0001315360319367
207,2019-02-04,76.18,76.230003,75.32,76.029999,74.902512,2245900,2.0001315533359403
208,2019-02-05,75.800003,76.510002,75.790001,76.309998,75.178352,1593500,1.9963307691346028
209,2019-02-06,76.110001,76.690002,76.0,76.300003,75.168503,1504900,2.0001309960630014
210,2019-02-07,75.720001,76.120003,74.870003,75.33000200000001,74.212891,1660600,2.0128766888921628
211,2019-02-08,75.07,75.809998,74.760002,75.800003,74.675926,1318100,1.9937994593483064
212,2019-02-11,76.0,76.389999,75.75,76.08000200000001,74.951775,1018000,1.9963196767529001
213,2019-02-12,76.800003,77.25,76.43,77.07,75.927086,2045500,1.9871545607888934
214,2019-02-13,77.370003,77.489998,76.739998,77.25,76.10440799999999,1376400,1.9976699029126213
215,2019-02-14,77.0,77.279999,76.519997,77.019997,75.87782299999999,1618100,2.00298627640819
216,2019-02-15,77.629997,78.309998,77.470001,78.300003,77.138847,1919700,1.9836525421333635
217,2019-02-19,78.0,78.32,77.410004,77.519997,76.370399,2968000,2.0100619972934206
218,2019-02-20,77.529999,78.800003,77.33000200000001,78.559998,77.394997,2076500,1.9867616977281493
219,2019-02-21,77.66999799999999,78.58000200000001,76.5,77.889999,76.73492399999999,3570800,2.008601861710128
220,2019-02-22,78.160004,78.459999,77.83000200000001,78.41999799999999,77.257065,2797700,1.9932415325998865
221,2019-02-25,78.900002,79.839996,78.849998,79.339996,78.163414,1878000,1.9884043603934642
222,2019-02-26,79.209999,79.269997,78.41999799999999,78.550003,77.385147,1992600,2.0100571988520484
223,2019-02-27,78.25,79.550003,78.25,79.41999799999999,78.242241,1254400,1.9890456431388983
224,2019-02-28,79.18,79.75,78.889999,79.440002,78.26194,1759100,1.999748187317518
225,2019-03-01,80.0,81.440002,80.0,81.239998,80.035248,1625900,1.9778434755746794
226,2019-03-04,81.5,81.760002,79.529999,80.129997,78.941704,3204100,2.0138525027025773
227,2019-03-05,80.019997,80.029999,79.360001,79.739998,78.557487,1405600,2.0048908829919965
228,2019-03-06,79.82,79.980003,78.730003,78.75,77.582169,1750500,2.0125714031746034
229,2019-03-07,78.690002,79.099998,78.010002,78.730003,77.562469,1818100,2.0002539946556337
230,2019-03-08,78.18,78.239998,77.400002,77.980003,76.82358599999999,1483500,2.0096178503609443
231,2019-03-11,78.279999,79.470001,78.260002,79.300003,78.124031,1210900,1.9833543511971874
232,2019-03-12,79.58000200000001,80.129997,79.160004,79.93,78.744667,1532300,1.992118140873264
233,2019-03-13,80.220001,80.739998,80.019997,80.129997,78.941704,1529100,1.9975040932548644
234,2019-03-14,80.059998,80.66999799999999,80.059998,80.610001,79.414589,1268500,1.99404535424829
235,2019-03-15,80.860001,81.43,80.83000200000001,81.099998,79.897324,1999100,1.9939581132911985
236,2019-03-18,81.099998,81.290001,80.489998,80.970001,79.769249,1617700,2.001605495842837
237,2019-03-19,81.269997,81.769997,81.029999,81.199997,79.995827,1172600,1.9971675368411652
238,2019-03-20,81.279999,81.440002,80.25,80.91999799999999,79.720001,1768300,2.003460195340094
239,2019-03-21,80.550003,82.269997,80.550003,82.0,80.783974,986600,1.9868292439024389
240,2019-03-22,81.540001,81.68,78.970001,78.989998,77.81860400000001,1435800,2.038106115662897
241,2019-03-25,79.089996,79.860001,78.660004,79.519997,78.340752,923000,1.9933350223843695
242,2019-03-26,80.389999,81.040001,80.129997,80.650002,79.45399499999999,1428200,1.9859887790207373
243,2019-03-27,80.5,80.769997,78.889999,79.0,77.828468,1446100,2.020886101265823
244,2019-03-28,79.389999,79.790001,78.709999,79.699997,78.518074,1615600,1.9912171013005182
245,2019-03-29,80.160004,80.66999799999999,79.949997,80.379997,79.188004,1585100,1.991540183809661
246,2019-04-01,80.959999,81.769997,80.959999,81.559998,80.514778,1522700,1.985532110974304
247,2019-04-02,81.709999,81.760002,81.029999,81.139999,80.10015899999999,1203000,2.005176226339367
248,2019-04-03,81.540001,82.019997,81.459999,81.940002,80.889923,2141000,1.9902367222300044
249,2019-04-04,81.839996,82.050003,80.440002,80.83000200000001,79.794128,2180100,2.013732524712792
250,2019-04-05,81.190002,81.91999799999999,81.050003,81.470001,80.42594100000001,1502900,1.992144359983499
251,2019-04-08,81.57,81.709999,80.58000200000001,81.690002,80.643105,783300,1.9973068797329692
252,2019-04-09,81.559998,81.720001,81.269997,81.41999799999999,80.376564,1254700,2.0033161877503365
253,2019-04-10,81.449997,82.239998,81.449997,81.68,80.633247,982900,1.9968168217433886
254,2019-04-11,81.879997,81.91999799999999,80.889999,81.08000200000001,80.040932,1071500,2.007400073818449
255,2019-04-12,81.43,82.059998,80.900002,80.980003,79.942207,1249300,2.001234860413626
256,2019-04-15,81.0,81.129997,79.910004,80.400002,79.369637,1627300,2.0072139426066182
257,2019-04-16,80.82,80.959999,77.190002,77.550003,76.556175,3441500,2.036750469242406
258,2019-04-17,78.150002,78.32,74.459999,75.43,74.463348,4472000,2.028105568076362
259,2019-04-18,75.730003,76.540001,75.309998,76.16999799999999,75.19386300000001,2874100,1.9902849150659032
260,2019-04-22,75.93,76.720001,75.129997,75.57,74.60154,2016000,2.0079396321291516
261,2019-04-23,74.279999,76.800003,73.760002,75.559998,74.591667,4607100,2.0001323716287023
262,2019-04-24,75.839996,76.629997,75.43,75.790001,74.818726,1942700,1.996965259309074
263,2019-04-25,75.260002,77.040001,74.940002,76.720001,75.736816,1481400,1.9878779980724974
264,2019-04-26,76.980003,77.459999,76.300003,77.41999799999999,76.427826,1608900,1.9909584471960333
265,2019-04-29,77.470001,78.440002,77.32,77.33000200000001,76.33899699999999,2177700,2.0011637915126395
266,2019-04-30,77.440002,78.589996,77.379997,78.5,77.494003,1726200,1.985095566878981
267,2019-05-01,78.489998,78.91999799999999,77.279999,77.470001,76.47719599999999,1078600,2.013295456134046
268,2019-05-02,77.410004,78.339996,77.150002,78.199997,77.19783000000001,946800,1.9906650124296041
269,2019-05-03,78.58000200000001,79.559998,78.58000200000001,79.290001,78.273872,1303200,1.986252945059239
270,2019-05-06,77.620003,79.410004,77.209999,79.349998,78.333099,1624300,1.999243894120829
271,2019-05-07,78.589996,78.769997,76.029999,76.66999799999999,75.68744699999999,1732200,2.0349550028682666
272,2019-05-08,76.779999,77.300003,76.129997,76.610001,75.62822,2243600,2.0007831484038223
273,2019-05-09,75.66999799999999,77.059998,74.849998,77.0,76.013222,1717500,1.994935077922078
274,2019-05-10,76.639999,77.139999,74.089996,77.099998,76.111938,2849800,1.9987030090454736
275,2019-05-13,75.75,75.910004,73.230003,73.839996,72.8937,3547300,2.044149541936595
276,2019-05-14,74.43,76.66999799999999,74.300003,76.010002,75.03591899999999,2557700,1.9714510466662005
277,2019-05-15,67.360001,69.900002,66.239998,67.639999,66.77317,14523800,2.1237433933137697
278,2019-05-16,67.599998,69.41999799999999,67.599998,69.300003,68.411896,4567700,1.9760461193630827
279,2019-05-17,68.440002,69.870003,68.190002,69.110001,68.224335,3935700,2.0027492692410758
280,2019-05-20,68.660004,69.970001,68.639999,68.93,68.046646,4029700,2.002611359350065
281,2019-05-21,69.370003,70.440002,68.25,68.32,67.44445,3928200,2.0089285714285716
282,2019-05-22,68.16999799999999,68.639999,67.510002,67.970001,67.098938,4985400,2.0051493157988918
283,2019-05-23,67.18,67.849998,66.029999,67.699997,66.832397,5358500,2.003988242421931
284,2019-05-24,68.139999,69.889999,68.08000200000001,68.360001,67.483948,3852900,1.9903451727567998
285,2019-05-28,68.43,68.860001,66.959999,67.08000200000001,66.220345,2984700,2.019081678023802
286,2019-05-29,66.589996,67.989998,66.589996,67.300003,66.437523,3722100,1.9967310402645897
287,2019-05-30,67.589996,67.900002,66.730003,66.889999,66.03278399999999,2947900,2.006129526179242
288,2019-05-31,66.239998,67.559998,66.07,67.050003,66.190735,2829300,1.9976136615534525
289,2019-06-03,67.040001,68.099998,66.82,66.989998,66.1315,2560600,2.000895730732818
290,2019-06-04,67.660004,68.0,66.410004,67.949997,67.079201,4402800,1.9858719787728618
291,2019-06-05,68.610001,69.010002,67.889999,68.349998,67.474075,2289200,1.9941477540350476
292,2019-06-06,68.519997,69.68,68.519997,69.160004,68.273697,2469000,1.988287941683751
293,2019-06-07,69.699997,70.220001,69.33000200000001,69.519997,68.629074,1547400,1.9948217345291313
294,2019-06-10,69.68,70.550003,69.360001,70.290001,69.389206,1477100,1.9890453266603312
295,2019-06-11,72.25,72.599998,69.809998,70.089996,69.191772,1748200,2.0028535456044256
296,2019-06-12,70.08000200000001,70.290001,68.93,70.290001,69.389206,1546800,1.9971545739485763
297,2019-06-13,70.559998,70.709999,69.889999,70.300003,69.399078,1886900,1.999857724045901
298,2019-06-14,70.309998,70.449997,69.739998,69.970001,69.073311,1602700,2.004716335504983
299,2019-06-17,70.25,70.599998,69.889999,70.290001,69.389206,1149200,1.9954474321319184
300,2019-06-18,70.800003,72.220001,70.57,71.910004,70.988457,2350400,1.9774717993340676
301,2019-06-19,71.889999,72.730003,71.889999,72.650002,71.718964,1916700,1.9898142053733183
302,2019-06-20,73.220001,73.41999799999999,72.360001,73.32,72.380371,2077800,1.990862002182215
303,2019-06-21,73.139999,73.540001,72.550003,73.339996,72.400116,3096200,1.999727352044033
304,2019-06-24,73.33000200000001,73.68,72.260002,73.139999,72.20269,1251600,2.002734440835855
305,2019-06-25,73.190002,73.629997,72.410004,72.510002,71.58075699999999,1340400,2.008688415151333
306,2019-06-26,72.639999,73.18,72.040001,72.139999,71.215508,1583800,2.0051289576535756
307,2019-06-27,72.550003,73.279999,72.199997,73.190002,72.252045,1480200,1.9856537372413243
308,2019-06-28,73.260002,74.699997,73.099998,74.66999799999999,73.713066,3159700,1.9801795093124286
309,2019-07-01,75.599998,75.889999,74.91999799999999,75.779999,74.973511,2753200,1.985352322319244
310,2019-07-02,75.849998,76.18,75.25,75.610001,74.805328,1877000,2.0022483533626723
311,2019-07-03,75.860001,76.93,75.699997,76.800003,75.98266600000001,1153100,1.9845051828969331
312,2019-07-05,76.339996,76.470001,75.300003,75.75,74.943825,1493100,2.0138614257425744
313,2019-07-08,75.529999,75.989998,73.5,73.839996,73.05416899999999,2217400,2.0258667944673237
314,2019-07-09,73.489998,74.08000200000001,73.110001,73.449997,72.668304,2092200,2.005309721115441
315,2019-07-10,73.58000200000001,73.940002,73.129997,73.370003,72.58917199999999,1785200,2.0010902820870813
316,2019-07-11,73.769997,73.779999,71.480003,71.739998,70.976501,6562400,2.02272100704547
317,2019-07-12,71.279999,72.269997,70.83000200000001,71.650002,70.887474,2542400,2.001256050209182
318,2019-07-15,71.019997,71.019997,69.489998,70.550003,69.79917900000001,3955300,2.015591764042873
319,2019-07-16,70.0,70.360001,69.33000200000001,69.949997,69.205559,3067200,2.008577641540142
320,2019-07-17,70.309998,70.559998,69.589996,69.589996,68.849388,2402300,2.0051731717300285
321,2019-07-18,70.010002,70.610001,69.660004,70.129997,69.38364399999999,2713000,1.9922999996706114
322,2019-07-19,70.58000200000001,70.58000200000001,68.599998,68.699997,67.968864,2694400,2.0208151391913454
323,2019-07-22,68.910004,69.470001,68.459999,69.089996,68.35470600000001,3103300,1.9943552030311302
324,2019-07-23,69.400002,70.16999799999999,69.160004,69.889999,69.146194,3304200,1.9885533980333867
325,2019-07-24,69.25,69.58000200000001,68.620003,69.58000200000001,68.839508,3190400,2.0044552600041605
326,2019-07-25,69.75,70.010002,69.550003,69.849998,69.106613,1904700,1.996134631242223
327,2019-07-26,70.129997,70.190002,69.349998,69.5,68.760361,2392600,2.0050359424460433
328,2019-07-29,69.5,70.5,69.379997,70.370003,69.621094,2750000,1.9876367349309336
329,2019-07-30,69.25,70.18,68.099998,70.150002,69.403435,2871800,2.003136151015363
330,2019-07-31,70.190002,70.660004,68.91999799999999,69.410004,68.67130999999999,3846100,2.010661258570162
331,2019-08-01,69.629997,70.68,68.389999,69.209999,68.473434,2494100,2.0028898281012837
332,2019-08-02,69.120003,69.129997,67.559998,68.08000200000001,67.355461,2803500,2.0165980753055797
333,2019-08-05,66.839996,67.16999799999999,65.660004,65.860001,65.159088,3273100,2.0337078798404513
334,2019-08-06,66.410004,67.68,66.040001,67.660004,66.939941,2436200,1.9733963509668133
335,2019-08-07,66.870003,68.269997,66.480003,67.970001,67.246628,2172900,1.9954392085414268
336,2019-08-08,68.43,69.510002,68.099998,69.489998,68.75045,2014300,1.9781263916571128
337,2019-08-09,68.940002,68.940002,67.82,68.639999,67.9095,1866200,2.0123834354950967
338,2019-08-12,68.220001,68.379997,66.5,66.629997,65.92088299999999,1961900,2.030166623000148
339,2019-08-13,66.910004,68.779999,66.5,67.639999,66.92014300000001,3164300,1.9850679773073323
340,2019-08-14,66.58000200000001,67.019997,65.349998,65.589996,64.891953,3509700,2.0312548120905514
341,2019-08-15,71.940002,72.650002,69.41999799999999,69.589996,68.849388,6701000,1.9425204737761446
342,2019-08-16,69.900002,71.18,68.959999,71.08000200000001,70.323532,3367100,1.9790376201733928
343,2019-08-19,71.93,72.279999,71.5,71.75,70.98640400000001,2050400,1.9906620487804878
344,2019-08-20,71.41999799999999,72.260002,71.099998,71.120003,70.363106,2171200,2.0088582251606484
345,2019-08-21,71.959999,72.33000200000001,71.190002,72.199997,71.431618,1897400,1.9850416337274917
346,2019-08-22,72.449997,72.769997,71.25,71.739998,70.976501,1644000,2.0064120297299146
347,2019-08-23,71.5,71.66999799999999,69.25,69.550003,68.809822,2990000,2.0314880647812483
348,2019-08-26,70.110001,70.639999,68.790001,69.639999,68.898865,1827300,1.9987076967074624
349,2019-08-27,70.050003,70.33000200000001,69.110001,69.480003,68.740562,2032300,2.0023027632857184
350,2019-08-28,69.260002,70.260002,68.809998,69.940002,69.195679,1674000,1.9934229484294266
351,2019-08-29,70.809998,71.290001,70.480003,70.699997,69.947571,1611200,1.9892504238720123
352,2019-08-30,71.449997,72.449997,70.82,71.110001,70.353226,2356400,1.9942342287409054
353,2019-09-03,70.699997,71.040001,69.480003,70.410004,69.660667,2227800,2.0099417264626203
354,2019-09-04,70.940002,71.220001,69.959999,70.860001,70.105873,1820600,1.99364949204559
355,2019-09-05,71.639999,73.709999,71.639999,73.519997,72.737564,2997900,1.963819421809824
356,2019-09-06,73.690002,74.370003,73.690002,74.279999,73.489487,3117600,1.9897684166635492
357,2019-09-09,74.389999,74.589996,73.66999799999999,74.18,73.390541,2996900,2.0013480587759505
358,2019-09-10,73.5,75.029999,73.290001,74.769997,73.974266,2838000,1.9921091744861243
359,2019-09-11,75.07,77.010002,75.07,76.989998,76.17063900000001,2805500,1.9711650726370977
360,2019-09-12,77.010002,78.089996,76.709999,77.57,76.744469,4009800,1.9925228567745266
361,2019-09-13,77.589996,78.050003,77.18,77.900002,77.070961,2673400,1.9957637741780803
362,2019-09-16,77.32,77.43,76.459999,77.150002,76.328934,2874500,2.0097213218477945
363,2019-09-17,76.949997,76.970001,76.279999,76.400002,75.58691400000001,2716800,2.0098167536697185
364,2019-09-18,76.360001,77.57,75.75,77.57,76.744469,1982600,1.9849168750805726
365,2019-09-19,77.58000200000001,78.150002,77.32,78.07,77.239143,1743700,1.993595491225823
366,2019-09-20,78.220001,78.739998,77.910004,77.970001,77.14020500000001,4605500,2.001282531726529
367,2019-09-23,77.480003,78.389999,77.269997,78.059998,77.229256,2217000,1.9988470791403299
368,2019-09-24,78.290001,78.389999,75.639999,75.970001,75.16149899999999,4296700,2.0275108196984224
369,2019-09-25,76.050003,76.559998,75.160004,76.33000200000001,75.51767,1739200,1.9952836238626064
370,2019-09-26,76.449997,76.959999,76.089996,76.519997,75.705627,1313300,1.9975170542675271
371,2019-09-27,77.019997,77.309998,75.91999799999999,76.389999,75.577026,1639800,2.0017017672692994
372,2019-09-30,76.370003,77.110001,76.33000200000001,76.629997,75.97758499999999,1684600,1.9968680933133793
373,2019-10-01,76.5,76.889999,74.589996,74.839996,74.20281999999999,2189100,2.023917705714468
374,2019-10-02,74.32,74.540001,72.900002,73.349998,72.72551,1999400,2.0203135383861905
375,2019-10-03,73.379997,73.879997,72.470001,73.870003,73.241089,1869400,1.9929605390702367
376,2019-10-04,74.08000200000001,75.910004,74.059998,75.879997,75.233963,1260800,1.9735108845615794
377,2019-10-07,75.349998,75.690002,74.639999,75.099998,74.46060899999999,1048000,2.010386138758619
378,2019-10-08,73.970001,73.970001,71.730003,72.489998,71.872833,3001900,2.036004967195612
379,2019-10-09,73.050003,73.839996,72.639999,73.470001,72.844498,1499700,1.9866611816161537
380,2019-10-10,73.43,74.43,73.43,74.0,73.36998,1399900,1.9928378513513514
381,2019-10-11,75.550003,76.209999,75.239998,75.300003,74.658905,1200700,1.9827356846187643
382,2019-10-14,75.18,75.800003,74.989998,75.18,74.539932,829500,2.0015962090981643
383,2019-10-15,75.800003,76.360001,75.68,75.75,75.10508,844900,1.9924752475247525
384,2019-10-16,75.300003,75.879997,74.959999,75.269997,74.62915799999999,2275500,2.006377082757157
385,2019-10-17,75.690002,76.25,74.900002,74.91999799999999,74.282143,1650000,2.0046716365368833
386,2019-10-18,74.0,74.82,73.769997,74.57,73.93512700000001,2121900,2.00469354968486
387,2019-10-21,74.879997,75.510002,74.690002,75.480003,74.83738699999999,1641500,1.9879437869126741
388,2019-10-22,75.68,76.33000200000001,74.639999,74.690002,74.054108,1271800,2.0105770649196124
389,2019-10-23,75.019997,75.889999,74.68,74.980003,74.34164399999999,1778300,1.996132288765046
390,2019-10-24,75.029999,75.110001,74.459999,75.0,74.361465,1475100,1.9997333733333336
391,2019-10-25,74.699997,75.970001,74.129997,75.389999,74.74814599999999,835100,1.99482691331512
392,2019-10-28,75.690002,76.559998,75.690002,76.150002,75.501678,1143900,1.990019658830738
393,2019-10-29,75.050003,76.68,74.940002,76.16999799999999,75.5215,1113300,1.9997374819413807
394,2019-10-30,76.040001,76.150002,75.239998,76.120003,75.47193100000001,914800,2.0006567918816294
395,2019-10-31,76.0,76.120003,75.099998,75.75,75.10508,970500,2.004884528052805
396,2019-11-01,76.510002,77.349998,76.32,76.970001,76.31469,1106300,1.9841496559159457
397,2019-11-04,77.68,77.849998,76.730003,76.739998,76.086647,1010200,2.0029971723481146
398,2019-11-05,76.82,76.910004,75.470001,75.550003,74.906784,2362700,2.0157510913666012
399,2019-11-06,75.699997,75.940002,74.940002,75.790001,75.144737,1355700,1.9968333817544086
400,2019-11-07,76.339996,76.379997,75.68,75.910004,75.26371800000001,860900,1.9984191411714325
401,2019-11-08,75.900002,76.650002,75.650002,76.639999,75.987503,1231500,1.9904750129237345
402,2019-11-11,76.25,76.849998,76.129997,76.849998,76.195717,1149200,1.9972674169750795
403,2019-11-12,77.0,77.550003,76.720001,77.050003,76.394012,1008400,1.9974042181413023
404,2019-11-13,76.82,77.5,76.559998,77.160004,76.503075,1096000,1.9985743779899237
405,2019-11-14,77.209999,77.449997,76.480003,76.760002,76.106491,1113500,2.005211073339993
406,2019-11-15,76.93,78.309998,76.610001,78.260002,77.593704,1700400,1.9808331208578298
407,2019-11-18,78.139999,78.5,77.5,77.940002,77.27642800000001,1641200,2.00410572224517
408,2019-11-19,78.16999799999999,79.489998,77.839996,79.290001,78.614944,1704800,1.9829739061297276
409,2019-11-20,79.160004,79.360001,78.209999,78.519997,77.85149399999999,2429800,2.0098064700639253
410,2019-11-21,78.970001,78.970001,77.309998,78.300003,77.63336899999999,2142200,2.002809629521981
411,2019-11-22,78.610001,79.190002,78.230003,79.120003,78.446388,1869700,1.9896359963484835
412,2019-11-25,79.449997,80.459999,79.300003,80.260002,79.576683,2640800,1.9857961752854179
413,2019-11-26,78.57,81.029999,77.959999,80.949997,80.26080300000001,5329900,1.9914762813394544
414,2019-11-27,81.08000200000001,81.339996,80.690002,81.08000200000001,80.389709,1628000,1.9983965836606663
415,2019-11-29,80.959999,81.239998,80.470001,80.769997,80.082336,835800,2.0038381207318854
416,2019-12-02,80.779999,80.989998,80.019997,80.349998,79.66591600000001,1775600,2.0052271189851183
417,2019-12-03,79.519997,80.110001,79.16999799999999,80.099998,79.41804499999999,1978200,2.003121098704647
418,2019-12-04,80.300003,81.0,80.18,80.93,80.240974,1690900,1.989744198690226
419,2019-12-05,80.889999,81.739998,80.5,81.529999,80.835876,1900000,1.9926407579129248
420,2019-12-06,82.239998,82.41999799999999,81.82,82.209999,81.51007800000001,1783400,1.9917285000818454
421,2019-12-09,82.339996,82.470001,81.550003,81.620003,80.925102,1913800,2.00722857116288
422,2019-12-10,82.900002,83.800003,82.699997,82.93,82.22395300000001,3067700,1.9842035813336547
423,2019-12-11,82.93,83.470001,82.57,83.41999799999999,82.709785,1718300,1.994126132681039
424,2019-12-12,83.489998,84.980003,83.16999799999999,84.809998,84.087936,1920800,1.9836104229126381
425,2019-12-13,84.66999799999999,84.739998,83.589996,83.709999,82.99730699999999,1811200,2.013140592678779
426,2019-12-16,84.470001,84.970001,84.0,84.449997,83.73101,1371200,1.9912374419622536
427,2019-12-17,84.760002,84.860001,83.779999,83.949997,83.235268,1653200,2.0059559263593543
428,2019-12-18,83.75,84.050003,83.360001,83.43,82.719696,2025500,2.0062327340285266
429,2019-12-19,83.949997,84.66999799999999,83.559998,84.510002,83.790497,1696000,1.9872204239209459
430,2019-12-20,84.940002,85.309998,84.32,85.190002,84.464706,2287800,1.99201784265717
431,2019-12-23,85.41999799999999,85.440002,84.760002,85.260002,84.534111,816000,1.999178981956862
432,2019-12-24,85.449997,85.449997,84.980003,85.300003,84.573769,271900,1.999531055116141
433,2019-12-26,85.309998,85.639999,85.089996,85.449997,84.72249599999999,649100,1.9982446576329314
434,2019-12-27,85.68,85.68,85.110001,85.41999799999999,84.692741,767700,2.0003511941079655
435,2019-12-30,85.339996,85.400002,84.639999,84.900002,84.35494200000001,742800,2.0061248055094274
436,2019-12-31,84.839996,85.339996,84.66999799999999,85.309998,84.762299,1176200,1.9951940451340766
437,2020-01-02,85.900002,86.349998,85.199997,85.949997,85.398193,1410500,1.9925538217296275
438,2020-01-03,84.66999799999999,85.33000200000001,84.5,84.57,84.027046,1118300,2.016317807733239
439,2020-01-06,84.0,84.82,83.599998,84.82,84.275452,1993200,1.997052581938222
440,2020-01-07,83.959999,85.260002,83.940002,85.08000200000001,84.533775,1684700,1.9969440292208736
441,2020-01-08,85.959999,86.470001,85.199997,85.91999799999999,85.368385,1847600,1.9902235100145138
442,2020-01-09,86.459999,87.699997,86.16999799999999,87.269997,86.709717,1912700,1.984530777513376
443,2020-01-10,87.720001,88.239998,87.32,87.589996,87.027664,1417000,1.9963466261603666
444,2020-01-13,87.809998,88.32,86.739998,87.459999,86.89850600000001,1630200,2.0014863594956136
445,2020-01-14,87.269997,88.209999,86.699997,87.989998,87.425095,1675200,1.9939765994766814
446,2020-01-15,87.629997,89.110001,87.550003,88.620003,88.051056,1630400,1.99289093908065
447,2020-01-16,89.120003,89.489998,88.860001,89.459999,88.88565799999999,1595900,1.9906103732462592
448,2020-01-17,89.970001,90.279999,89.209999,90.120003,89.541428,3718300,1.992676387283298
449,2020-01-21,89.800003,90.150002,89.459999,89.610001,89.03469100000001,2697400,2.0056913513481605
450,2020-01-22,89.940002,90.639999,89.839996,90.129997,89.551361,1665800,1.994230600052056
451,2020-01-23,89.620003,89.980003,88.660004,89.07,88.498161,1228300,2.011900718535983
452,2020-01-24,89.449997,89.459999,87.58000200000001,88.260002,87.69336700000001,1164500,2.0091774074512254
453,2020-01-27,86.540001,87.16999799999999,86.209999,86.559998,86.00428000000001,1868000,2.0196396030415804
454,2020-01-28,86.849998,87.480003,86.190002,87.18,86.6203,1652200,1.99288825418674
455,2020-01-29,87.550003,88.360001,87.150002,87.239998,86.679916,1131500,1.9993122650002815
456,2020-01-30,84.900002,85.029999,83.599998,84.379997,83.838264,3026700,2.03389430080212
457,2020-01-31,84.029999,84.339996,82.339996,82.559998,82.029961,2850400,2.0220445620650334
458,2020-02-03,83.290001,83.690002,82.110001,82.150002,81.622597,1919800,2.004990821546176
459,2020-02-04,82.849998,83.900002,82.779999,83.519997,82.983788,1676000,1.9835968025717243
460,2020-02-05,84.529999,85.5,84.389999,84.93,84.38473499999999,2345100,1.9833980572235956
461,2020-02-06,85.309998,85.389999,84.58000200000001,84.82,84.275452,835500,2.0012968639471826
462,2020-02-07,84.610001,84.790001,82.91999799999999,83.16999799999999,82.63604000000001,1447600,2.019838908737259
463,2020-02-10,83.040001,84.639999,82.93,84.43,83.887955,2066900,1.98507637095819
464,2020-02-11,85.029999,85.66999799999999,84.839996,85.089996,84.543716,1543200,1.9922435535194993
465,2020-02-12,85.400002,86.059998,85.290001,85.43,84.88153100000001,1464200,1.9960200866206248
466,2020-02-13,85.099998,85.68,84.660004,85.470001,84.921272,1596300,1.9995319878374638
467,2020-02-14,85.720001,85.860001,85.120003,85.82,85.269028,1965400,1.9959217082265206
468,2020-02-18,85.660004,86.08000200000001,84.529999,84.790001,84.245651,2872500,2.0121476469849315
469,2020-02-19,84.699997,85.839996,83.449997,85.349998,84.80204,4741300,1.9934388164836276
470,2020-02-20,84.900002,84.989998,83.360001,84.339996,83.79853100000001,2543600,2.0119753621994483
471,2020-02-21,83.900002,85.089996,83.400002,85.07,84.523842,1762500,1.9914187845303866
472,2020-02-24,82.220001,82.589996,80.019997,80.5,79.98318499999999,2919200,2.0567701863354038
473,2020-02-25,80.699997,80.879997,77.690002,77.949997,77.449554,2768000,2.0327133174873633
474,2020-02-26,78.660004,80.269997,78.089996,78.110001,77.608521,2526000,1.997951555524881
475,2020-02-27,76.68,80.300003,76.370003,77.43,76.932899,2879400,2.008782138705928
476,2020-02-28,74.970001,77.07,74.16999799999999,77.07,76.575203,3755600,2.004671078240561
477,2020-03-02,77.309998,82.0,77.239998,81.970001,81.443748,3407500,1.940222020980578
478,2020-03-03,81.889999,85.0,79.279999,80.32,79.804337,3017200,2.020542841135458
479,2020-03-04,81.769997,84.43,80.720001,84.349998,83.808456,1905300,1.9522229034314855
480,2020-03-05,82.139999,83.25,79.699997,80.459999,79.943443,2322600,2.04834699289519
481,2020-03-06,77.949997,78.900002,76.5,78.559998,78.055634,2959900,2.0241853493937207
482,2020-03-09,72.589996,74.190002,70.16999799999999,70.75,70.295784,4598200,2.110388664310954
483,2020-03-10,73.050003,73.620003,69.660004,72.910004,72.441917,3537300,1.970374380997154
484,2020-03-11,70.760002,71.730003,67.57,68.839996,68.398041,4985900,2.059122722784586
485,2020-03-12,64.0,67.139999,62.16,63.419998,63.012836,5055000,2.085461970528602
486,2020-03-13,66.529999,69.510002,63.75,69.199997,68.75572199999999,3261200,1.916473999269104
487,2020-03-16,63.41,66.620003,61.130001,64.129997,63.718277,4742800,2.0790581668045296
488,2020-03-17,66.019997,70.529999,63.939999,70.440002,69.98777,3341800,1.9104201473475253
489,2020-03-18,65.190002,69.879997,65.18,68.870003,68.427849,4123900,2.0227965577408207
490,2020-03-19,68.540001,68.589996,64.16999799999999,65.760002,65.337822,3430700,2.0472932011163865
491,2020-03-20,65.989998,71.0,64.959999,66.459999,66.033325,3258400,1.9894673937626752
492,2020-03-23,66.800003,67.559998,62.09,63.369999,62.96315799999999,2989600,2.0487612442600796
493,2020-03-24,65.529999,68.18,64.599998,67.0,66.569855,2868900,1.945820880597015
494,2020-03-25,67.120003,71.790001,65.110001,69.0,68.557014,2628100,1.9710144927536233
495,2020-03-26,70.0,74.449997,69.650002,73.720001,73.246712,3267500,1.9359739428109883
496,2020-03-27,71.550003,73.209999,70.279999,70.910004,70.454758,1829800,2.0396276525382793
497,2020-03-30,71.059998,73.18,71.059998,72.66999799999999,72.38720699999999,1486200,1.9757810093788635
498,2020-03-31,72.339996,72.800003,70.5,71.620003,71.34129300000001,1822100,2.014660638872076
499,2020-04-01,69.470001,70.230003,68.150002,68.91999799999999,68.651794,2173600,2.039175929749737
500,2020-04-02,68.269997,72.449997,68.139999,72.290001,72.008682,1840300,1.9533821696862332
501,2020-04-03,71.709999,72.33000200000001,69.660004,70.41999799999999,70.145958,2052600,2.026554999334138
502,2020-04-06,72.970001,74.989998,72.25,74.360001,74.070625,2312000,1.9470144843058834
503,2020-04-07,76.610001,77.559998,74.019997,74.029999,73.741913,2458000,2.004457679379409
504,2020-04-08,74.16999799999999,77.16999799999999,72.75,76.690002,76.391563,2703000,1.965314865945629
505,2020-04-09,76.43,78.720001,76.230003,78.33000200000001,78.025177,2399900,1.979062939383048
506,2020-04-13,77.440002,77.989998,75.019997,76.209999,75.91342900000001,1533000,2.027817911400314
507,2020-04-14,77.300003,79.199997,77.239998,78.83000200000001,78.523239,2650300,1.96676388515124
508,2020-04-15,77.440002,78.389999,77.0,77.050003,76.75016,2721100,2.0231018680167994
509,2020-04-16,78.059998,78.91999799999999,76.470001,78.75,78.44354200000001,1969300,1.9784127365079365
510,2020-04-17,80.089996,80.349998,78.309998,79.550003,79.240433,1313400,1.989943394471022
511,2020-04-20,79.050003,79.050003,76.980003,77.370003,77.068916,1679400,2.0281762946293282
512,2020-04-21,75.760002,75.800003,73.709999,73.75,73.46300500000001,2848100,2.049084786440678
513,2020-04-22,74.75,75.58000200000001,73.779999,75.16999799999999,74.877472,2347400,1.981109511270707
514,2020-04-23,76.599998,77.489998,75.050003,75.089996,74.797783,2097700,2.0010654148922846
515,2020-04-24,75.620003,75.910004,74.019997,75.75,75.455215,1654300,1.9912870759075905
516,2020-04-27,76.349998,76.620003,75.839996,76.25,75.95326999999999,1295800,1.9934426229508198
517,2020-04-28,77.0,77.0,75.339996,75.449997,75.15638,1855900,2.0106030885594337
518,2020-04-29,76.300003,79.379997,76.139999,78.720001,78.413658,2409400,1.9584603155683395
519,2020-04-30,77.959999,78.440002,75.989998,76.660004,76.36167900000001,1795200,2.0268718613685435
520,2020-05-01,75.550003,76.099998,73.57,74.209999,73.921204,1618600,2.033014486363219
521,2020-05-04,74.279999,74.620003,73.41999799999999,74.559998,74.26984399999999,1555400,1.9953058072775163
522,2020-05-05,74.910004,77.58000200000001,74.83000200000001,76.370003,76.072807,1476100,1.9762995295417234
523,2020-05-06,76.690002,78.83000200000001,76.650002,77.870003,77.566971,2303600,1.9807371267213127
524,2020-05-07,78.769997,79.33000200000001,77.540001,78.5,78.194511,1190600,1.991974560509554
525,2020-05-08,79.66999799999999,80.33000200000001,79.190002,79.709999,79.399811,2255000,1.9848199847549866
526,2020-05-11,79.599998,81.989998,79.5,81.269997,80.953735,1691600,1.980804748891525
527,2020-05-12,81.58000200000001,82.300003,79.779999,79.849998,79.539261,2278900,2.017783331691505
528,2020-05-13,80.379997,81.93,79.029999,80.160004,79.848061,2664900,1.9961326598736195
529,2020-05-14,79.290001,81.660004,78.720001,81.639999,81.322296,2285900,1.9818716925755964
530,2020-05-15,81.510002,82.83000200000001,81.220001,81.589996,81.27248399999999,4529400,2.000612856997811
531,2020-05-18,83.239998,84.389999,82.290001,83.660004,83.33444200000001,2076000,1.975256898146933
532,2020-05-19,83.230003,83.540001,81.889999,81.970001,81.651016,2099200,2.0206173353590664
533,2020-05-20,82.980003,82.980003,81.470001,81.709999,81.392021,2748100,2.003182009584898
534,2020-05-21,81.720001,82.190002,80.459999,80.75,80.43576,2576500,2.0118885325077396
535,2020-05-22,85.0,87.66999799999999,84.199997,84.980003,84.649307,5063100,1.9502235484741042
536,2020-05-26,86.230003,86.790001,85.639999,86.129997,85.794815,3173400,1.9866481592934457
537,2020-05-27,86.300003,86.480003,84.370003,86.18,85.844635,1917600,1.9994197841726618
538,2020-05-28,86.870003,87.849998,86.059998,86.690002,86.352646,1908700,1.9941169455734928
539,2020-05-29,87.16999799999999,88.489998,86.470001,88.139999,87.79699699999999,2394500,1.9835489333282157
540,2020-06-01,88.040001,89.980003,87.940002,89.910004,89.56012,2477600,1.9803135922449742
541,2020-06-02,90.0,90.629997,89.110001,90.290001,89.938637,1682800,1.9957913722916008
542,2020-06-03,90.650002,91.139999,90.260002,90.489998,90.137856,1382500,1.997789844132829
543,2020-06-04,89.82,91.739998,89.82,91.139999,90.785332,2227500,1.9928681039375478
544,2020-06-05,92.129997,93.040001,90.089996,90.379997,90.02828199999999,2844700,2.00840896243889
545,2020-06-08,89.309998,90.589996,89.059998,90.290001,89.938637,1804700,2.000996743814412
546,2020-06-09,90.089996,90.510002,89.32,89.769997,89.420654,1817300,2.0057926257923344
547,2020-06-10,90.32,90.58000200000001,89.459999,89.809998,89.460503,1410300,1.9995546041544285
548,2020-06-11,88.629997,88.629997,85.019997,85.029999,84.699104,2491300,2.0562154422699686
549,2020-06-12,86.83000200000001,87.300003,83.989998,86.110001,85.774902,1520000,1.9874578796021614
550,2020-06-15,84.400002,87.279999,83.709999,86.959999,86.621597,1551400,1.9902254138710374
551,2020-06-16,88.879997,89.239998,86.510002,87.440002,87.099724,1049200,1.9945104873167774
552,2020-06-17,87.849998,88.75,87.459999,87.91999799999999,87.57785799999999,900800,1.994540536727492
553,2020-06-18,87.43,88.5,87.260002,88.209999,87.86673,1491500,1.9967123795115338
554,2020-06-19,89.410004,89.790001,87.760002,88.730003,88.384712,1784700,1.9941394795174299
555,2020-06-22,88.639999,89.07,87.769997,88.529999,88.185478,1245500,2.002259166409795
556,2020-06-23,89.190002,89.699997,88.660004,89.279999,88.932564,1160300,1.9915994622714994
557,2020-06-24,89.08000200000001,89.08000200000001,86.32,86.559998,86.223152,1806600,2.0314233024820543
558,2020-06-25,86.43,87.349998,84.800003,87.260002,86.920433,1350100,1.9919779511350457
559,2020-06-26,87.230003,87.559998,85.519997,85.900002,85.56572,2225800,2.0158323628444155
560,2020-06-29,86.559998,87.360001,86.110001,87.290001,87.132896,1302500,1.9840760799166446
561,2020-06-30,87.33000200000001,88.879997,87.239998,88.370003,88.210953,1920200,1.9877786356983604
562,2020-07-01,88.889999,88.889999,87.300003,88.110001,87.95141600000001,1137000,2.0029508795488495
563,2020-07-02,88.83000200000001,89.489998,88.550003,88.68,88.520393,1507700,1.993572406405052
564,2020-07-06,89.019997,90.639999,89.019997,89.309998,89.149254,1412200,1.9929459409460522
565,2020-07-07,88.839996,90.040001,88.66999799999999,89.209999,89.049438,1441700,2.0011209393691396
566,2020-07-08,89.519997,90.33000200000001,89.129997,89.540001,89.378845,1069600,1.9963144740192709
567,2020-07-09,89.650002,90.400002,88.559998,89.91999799999999,89.758156,1133800,1.995774054621309
568,2020-07-10,89.849998,89.870003,88.57,89.41999799999999,89.259056,938100,2.00559159037333
569,2020-07-13,89.970001,91.239998,88.650002,89.260002,89.09935,1646200,2.0017924713916093
570,2020-07-14,88.83000200000001,90.790001,88.07,90.690002,90.526779,1361200,1.9842319994656081
571,2020-07-15,91.739998,93.059998,91.08000200000001,92.879997,92.71283000000001,1897100,1.9764212417018057
572,2020-07-16,92.980003,93.209999,92.059998,92.860001,92.692871,1226400,2.000215334910453
573,2020-07-17,93.410004,94.510002,92.690002,94.370003,94.20015699999999,3457700,1.9839991315884562
574,2020-07-20,94.910004,96.220001,94.760002,95.209999,95.038635,1236800,1.9911774392519423
575,2020-07-21,95.57,96.449997,95.160004,96.019997,95.847176,2169100,1.991564278011798
576,2020-07-22,96.360001,96.879997,95.809998,96.349998,96.176582,1313200,1.9965749765765435
577,2020-07-23,96.589996,98.089996,96.32,96.660004,96.48603100000001,1386300,1.996792820327216
578,2020-07-24,95.980003,96.220001,93.870003,94.809998,94.639359,1142800,2.019512773325868
579,2020-07-27,94.959999,97.540001,94.900002,97.269997,97.094925,1177100,1.9747095807970467
580,2020-07-28,96.980003,97.25,95.199997,95.300003,95.128479,1373700,2.0206714998739295
581,2020-07-29,95.809998,97.660004,95.519997,97.099998,96.92524,1125300,1.981462460998197
582,2020-07-30,96.120003,96.360001,94.970001,95.93,95.757347,1663300,2.012196372354842
583,2020-07-31,95.940002,96.410004,94.730003,96.33000200000001,96.156624,1551800,1.9958475865078877
584,2020-08-03,96.940002,99.360001,96.940002,99.089996,98.911652,1994300,1.9721465928810817
585,2020-08-04,98.709999,98.989998,96.889999,97.529999,97.354462,779200,2.015995047841639
586,2020-08-05,98.089996,98.83000200000001,97.699997,97.889999,97.713814,958300,1.9963224026593362
587,2020-08-06,97.720001,98.25,95.809998,97.449997,97.27460500000001,1075300,2.004515156629507
588,2020-08-07,97.07,97.839996,96.870003,97.779999,97.604012,897900,1.9966250562142058
589,2020-08-10,97.839996,97.959999,96.949997,97.139999,96.965164,900800,2.0065884291392675
590,2020-08-11,97.220001,97.629997,96.199997,96.300003,96.126678,1137000,2.0087226996244225
591,2020-08-12,96.660004,98.279999,96.519997,97.629997,97.454277,1318100,1.986377199212656
592,2020-08-13,97.550003,99.120003,97.18,98.769997,98.592232,1190800,1.9884580334653648
593,2020-08-14,98.449997,98.83000200000001,96.900002,97.370003,97.19475600000001,957400,2.014378083155651
594,2020-08-17,97.66999799999999,98.68,97.089996,97.510002,97.334503,1989300,1.9985642601053375
595,2020-08-18,97.709999,98.709999,97.110001,97.860001,97.683868,2008700,1.9964234723439254
596,2020-08-19,95.230003,99.400002,94.529999,97.959999,97.783691,2830800,1.9989791955796161
597,2020-08-20,97.389999,98.16999799999999,97.120003,97.779999,97.604012,1428300,2.0018408672718437
598,2020-08-21,97.870003,98.32,97.269997,98.300003,98.123077,1269300,1.9947100306802636
599,2020-08-24,98.779999,99.209999,97.139999,97.599998,97.424339,1154500,2.00717218252402
600,2020-08-25,97.870003,98.660004,97.559998,98.339996,98.163002,1061300,1.9924751064663457
601,2020-08-26,98.18,99.730003,98.050003,99.33000200000001,99.151222,1072300,1.990033162387332
602,2020-08-27,99.190002,99.660004,97.559998,99.019997,98.841782,1236900,2.003130731260273
603,2020-08-28,99.0,99.93,98.540001,99.900002,99.7202,866000,1.9911911413174948
604,2020-08-31,99.900002,101.040001,99.75,100.41999799999999,100.23925799999999,1076900,1.994821788385218
605,2020-09-01,100.91999799999999,101.290001,100.25,101.120003,100.938004,1159700,1.9930774824047424
606,2020-09-02,101.0,103.660004,100.459999,103.41999799999999,103.233864,1462500,1.9777606358104938
607,2020-09-03,103.089996,103.209999,99.040001,99.639999,99.460663,1992800,2.037936562002575
608,2020-09-04,100.07,100.110001,95.660004,96.839996,96.66570300000001,1753900,2.028913704209571
609,2020-09-08,96.110001,96.470001,94.760002,95.139999,94.968765,1225600,2.017868373111923
610,2020-09-09,96.099998,98.470001,95.860001,97.93,97.75374599999999,954400,1.971510252220974
611,2020-09-10,98.879997,100.099998,98.239998,98.57,98.392593,1933200,1.9935071522775694
612,2020-09-11,98.709999,99.620003,98.019997,98.599998,98.422539,1368600,1.999695760642916
613,2020-09-14,99.730003,100.230003,98.970001,99.41999799999999,99.241058,1207700,1.9917521623768288
614,2020-09-15,99.720001,101.0,99.720001,100.370003,100.18935400000001,1053800,1.9905349708916518
615,2020-09-16,101.230003,101.529999,98.08000200000001,99.91999799999999,99.740158,1365000,2.004503653012483
616,2020-09-17,99.25,100.459999,98.58000200000001,99.599998,99.420738,1246400,2.0032128514701375
617,2020-09-18,99.139999,100.589996,98.459999,99.379997,99.201134,2162400,2.0022137352248057
618,2020-09-21,98.18,98.559998,96.5,98.129997,97.953384,927900,2.012738204812133
619,2020-09-22,97.839996,98.980003,97.489998,98.620003,98.44250500000001,845800,1.9950313730978086
620,2020-09-23,98.599998,98.910004,96.57,96.910004,96.73558,1148700,2.017645226802385
621,2020-09-24,96.57,96.970001,95.440002,96.339996,96.16660300000001,1157600,2.005916628852673
622,2020-09-25,95.959999,98.139999,95.769997,97.690002,97.514175,1028600,1.9861807147879882
623,2020-09-28,98.639999,99.730003,98.120003,99.510002,99.33090200000001,1336600,1.9817103812338384
624,2020-09-29,99.790001,101.33000200000001,99.589996,100.220001,100.03961899999999,722400,1.9929155957601719
625,2020-09-30,100.540001,101.889999,100.309998,100.940002,100.75833100000001,1362200,1.9928670399669697
626,2020-10-01,101.769997,102.410004,100.540001,101.220001,101.03782700000001,723600,1.9972337581778923
627,2020-10-02,100.209999,101.279999,99.809998,100.010002,99.83000200000001,712200,2.0120987798800365
628,2020-10-05,100.989998,103.459999,100.959999,103.120003,103.120003,803900,1.9698409531659924
629,2020-10-06,103.120003,103.33000200000001,101.480003,101.629997,101.629997,1078000,2.0146610847582727
630,2020-10-07,102.470001,104.75,102.41999799999999,103.879997,103.879997,1322100,1.9783403921353597
631,2020-10-08,104.199997,104.389999,103.129997,104.160004,104.160004,765300,1.9973117608559232
632,2020-10-09,104.83000200000001,106.099998,104.550003,105.760002,105.760002,709000,1.9848714261559866
633,2020-10-12,106.449997,107.0,105.32,105.43,105.43,1003700,2.0031300578582942
634,2020-10-13,105.440002,106.010002,104.959999,105.41999799999999,105.41999799999999,915500,2.000094877634128
635,2020-10-14,105.489998,106.66999799999999,104.91999799999999,105.059998,105.059998,906700,2.0034266134290237
636,2020-10-15,104.099998,105.720001,103.879997,105.32,105.32,723000,1.9975313140903914
637,2020-10-16,105.949997,107.540001,105.709999,106.699997,106.699997,1039400,1.9870665694582916
638,2020-10-19,106.779999,107.620003,105.239998,105.489998,105.489998,636000,2.0114702722811693
639,2020-10-20,105.889999,106.940002,105.559998,105.610001,105.610001,771000,1.9988637155679982
640,2020-10-21,105.91999799999999,106.690002,104.120003,104.83000200000001,104.83000200000001,894000,2.007440608462451
641,2020-10-22,105.32,107.089996,105.110001,106.769997,106.769997,1064700,1.9818301484077032
642,2020-10-23,107.230003,107.379997,105.470001,106.16999799999999,106.16999799999999,833900,2.00565130461809
643,2020-10-26,105.389999,105.82,103.75,104.629997,104.629997,1102000,2.0147185419493034
644,2020-10-27,105.110001,106.660004,105.110001,106.040001,106.040001,1111400,1.9867030932977832
645,2020-10-28,104.41999799999999,105.370003,101.58000200000001,101.660004,101.660004,1180800,2.043084761240025
646,2020-10-29,102.269997,103.059998,100.769997,102.019997,102.019997,1421900,1.9964713486513825
647,2020-10-30,101.769997,102.349998,100.650002,102.089996,102.089996,2310000,1.9993143402611164
648,2020-11-02,103.519997,105.349998,103.290001,105.239998,105.239998,1572300,1.9700683954783047
649,2020-11-03,106.43,108.110001,106.139999,107.029999,107.029999,1175000,1.9832757075892338
650,2020-11-04,108.07,109.800003,107.239998,108.489998,108.489998,1357300,1.9865425474521623
651,2020-11-05,110.57,111.93,109.66999799999999,110.339996,110.339996,1143100,1.983233658989801
652,2020-11-06,110.760002,113.349998,110.33000200000001,112.540001,112.540001,1036600,1.9804513508045907
653,2020-11-09,116.160004,117.5,112.389999,112.5,112.5,2177900,2.0003555644444444
654,2020-11-10,112.82,112.910004,108.989998,110.199997,110.199997,2124800,2.0208711711670917
655,2020-11-11,111.139999,111.790001,108.839996,109.410004,109.410004,1792800,2.00722048232445
656,2020-11-12,109.400002,111.010002,108.900002,109.440002,109.440002,1094300,1.9997258954728454
657,2020-11-13,110.459999,111.540001,109.779999,110.16999799999999,110.16999799999999,1356800,1.9933739129231902
658,2020-11-16,111.0,111.489998,109.470001,110.269997,110.269997,1656100,1.9990931440761714
659,2020-11-17,110.5,110.769997,109.25,109.860001,109.860001,1571500,2.0037319861302385
660,2020-11-18,109.550003,109.879997,105.730003,105.949997,105.949997,2047900,2.036904238892994
661,2020-11-19,106.739998,108.959999,105.190002,108.68,108.68,1886400,1.9748803551711445
662,2020-11-20,108.639999,112.300003,108.32,110.889999,110.889999,2775400,1.9800703488147744
663,2020-11-23,111.400002,112.41999799999999,109.559998,112.209999,112.209999,3258700,1.9882363424671272
664,2020-11-24,118.959999,118.959999,111.43,114.68,114.68,5559900,1.9784617980467385
665,2020-11-25,116.089996,116.959999,113.410004,114.349998,114.349998,2862500,2.002885894234996
666,2020-11-27,113.769997,114.980003,112.940002,114.089996,114.089996,983700,2.0022789202306575
667,2020-11-30,113.889999,117.07,113.66999799999999,116.900002,116.900002,3778400,1.9759623100776338
668,2020-12-01,117.58000200000001,118.379997,115.040001,115.360001,115.360001,1753700,2.013349523115902
669,2020-12-02,115.629997,115.949997,114.129997,114.57,114.57,1735800,2.0068953565505807
670,2020-12-03,114.150002,115.41999799999999,113.160004,113.58000200000001,113.58000200000001,1511400,2.0087163055341377
671,2020-12-04,113.599998,115.239998,113.449997,115.150002,115.150002,1118100,1.9863656103106277
672,2020-12-07,115.199997,116.440002,114.120003,114.400002,114.400002,2076700,2.0065559439413296
673,2020-12-08,114.339996,117.339996,114.33000200000001,117.010002,117.010002,1320600,1.9776942145509921
674,2020-12-09,116.379997,116.959999,114.480003,116.400002,116.400002,1717600,2.005240549738135
675,2020-12-10,116.940002,119.900002,116.339996,118.809998,118.809998,1630500,1.979715545488015
676,2020-12-11,118.66999799999999,119.059998,117.290001,118.480003,118.480003,1400800,2.0027852379443307
677,2020-12-14,118.610001,120.239998,116.739998,116.739998,116.739998,1395200,2.0149049599949453
678,2020-12-15,117.300003,118.040001,116.849998,117.389999,117.389999,1973800,1.994462892873864
679,2020-12-16,117.58000200000001,117.739998,116.400002,117.239998,117.239998,1698600,2.001279435368124
680,2020-12-17,118.050003,119.389999,117.040001,118.970001,118.970001,2166700,1.9854584938601454
681,2020-12-18,119.230003,119.860001,118.440002,119.300003,119.300003,3911800,1.9972338475129794
682,2020-12-21,117.699997,118.449997,115.959999,117.779999,117.779999,2082000,2.0129054509501225
683,2020-12-22,118.0,118.43,116.849998,117.370003,117.370003,1670400,2.003493192378976
684,2020-12-23,118.0,118.889999,117.220001,117.300003,117.300003,1202100,2.0005967604280452
685,2020-12-24,117.040001,118.370003,116.839996,117.309998,117.309998,733600,1.9999147983959562
686,2020-12-28,118.510002,118.779999,116.66999799999999,117.83000200000001,117.83000200000001,1003100,1.995586828556618
687,2020-12-29,118.559998,119.120003,116.83000200000001,117.230003,117.230003,1007400,2.0051181351586247
688,2020-12-30,117.860001,118.900002,117.33000200000001,117.389999,117.389999,1127000,1.998637055955678
689,2020-12-31,117.589996,118.599998,116.599998,118.489998,118.489998,1307200,1.990716524444536
